
  Memory set to   3.725 GiB by Python driver.
   => Loading Basis Set <=

    Name: CC-PVDZ
    Role: ORBITAL
    Keyword: BASIS
    atoms 1   entry O          line   198 file /home/jfhlewyee/anaconda3/envs/pydonof/share/psi4/basis/cc-pvdz.gbs 
    atoms 2-3 entry H          line    22 file /home/jfhlewyee/anaconda3/envs/pydonof/share/psi4/basis/cc-pvdz.gbs 

No violations of the orthonormality
Hartree-Fock
============

Nitext  Nitint      Eelec           Etot           Ediff         maxdiff    
     0      0   -71.66636066   -62.31174996     5.45167028     1.82522751
     1     29   -85.15016413   -75.79555343    -0.00148186     0.17170992
     2     29   -85.37306925   -76.01845855    -0.00011956     0.05191902
     3     29   -85.37290873   -76.01829803    -0.00035693     0.06881591
     4     29   -85.38129537   -76.02668466    -0.00003345     0.01347641
     5     29   -85.38172874   -76.02711803    -0.00000709     0.00987223
     6     29   -85.38185338   -76.02724268    -0.00000220     0.00553941
     7     18   -85.38188169   -76.02727099    -0.00000099     0.00370791
No violations of the orthonormality

PNOF7 Calculation
==================

Nitext  Nitint      Eelec           Etot          Ediff         maxdiff    
     1      0   -85.38502456   -76.03041386 -10084.38502456     0.00963613
     2     29   -85.28707831   -75.93246761     0.09794625     0.12612427
     3     29   -85.40076206   -76.04615136    -0.11368375     0.01463090
     4     29   -85.42288832   -76.06827762    -0.02212626     0.01714720
     5     29   -85.43233298   -76.07772228    -0.00944466     0.01286742
     6     29   -85.43719180   -76.08258110    -0.00485882     0.01536418
     7     29   -85.44044901   -76.08583831    -0.00325721     0.01337505
     8     29   -85.44163080   -76.08702010    -0.00118179     0.01796535
     9     29   -85.44215909   -76.08754839    -0.00052829     0.01641307
    10     29   -85.44266434   -76.08805363    -0.00050525     0.01241487
    11     29   -85.44267469   -76.08806399    -0.00001035     0.01084799
    12     29   -85.44260923   -76.08799852     0.00006547     0.01408121
    13     29   -85.44386345   -76.08925274    -0.00125422     0.00140331
    14     29   -85.44389129   -76.08928059    -0.00002784     0.00201492
    15     29   -85.44390652   -76.08929581    -0.00001522     0.00166732
    16     29   -85.44391766   -76.08930695    -0.00001114     0.00172424
    17     29   -85.44391763   -76.08930693     0.00000002     0.00188478
    18     29   -85.44392720   -76.08931650    -0.00000956     0.00141739
    19     29   -85.44392869   -76.08931799    -0.00000150     0.00194855
    20     29   -85.44393222   -76.08932152    -0.00000353     0.00148230
    21     29   -85.44393046   -76.08931976     0.00000176     0.00185061
    22     29   -85.44392945   -76.08931875     0.00000101     0.00177105
    23     29   -85.44394171   -76.08933101    -0.00001226     0.00021295
    24     26   -85.44394182   -76.08933112    -0.00000011     0.00021150
    24      0   -85.44394182   -76.08933112    -0.00000011     0.00021137

RESULTS OF THE OCCUPATION OPTIMIZATION
========================================
 0    2.0000000  -20.54377464
 1    1.9928959  -0.71785204
 2    1.9829186  -0.87015293
 3    1.9928683  -0.71652084
 4    1.9829206  -0.87017551
 5    0.0170794  -0.01725765
 6    0.0071317  -0.00849710
 7    0.0170814  -0.01725920
 8    0.0071041  -0.00847986

----------------
 Final Energies 
----------------
       HF Total Energy =     -76.0272710
Final NOF Total Energy =     -76.0893311
    Correlation Energy =      -0.0620601


